1100
1101
1102
1103
1104
1105
1106
1107
1108
1109
1111
1112
1113
1114
1115
1116
1117
1118
1119
1121
1122
1123
1124
1125
1126
1128
1129
1130
1131
1132
1133
1134
1135
1136
1137
1138
1139
1140
1141
1142
1143
1145
1147
1148
1151
1152
1153
1154
1155
1156
1157
1158
1159
1160
1161
1162
1163
1164
1165
1166
1167
1168
1170
1171
1172
1173
1174
1175
1176
1177
1178
1179
1180
1181
1182
1183
1184
1186
1187
1188
1189
1190
1191
1192
1193
1194
1195
1196
1199
1200
1201
1202
1203
1204
1205
1206
1207
1208
1209
1210
1212
1213
1214
1215
1216
1218
1220
1221
1222
1223
1225
1226
1227
1228
1229
1230
1231
1232
1233
1234
1235
1237
1238
1239
1240
1241
1242
1244
1245
1246
1247
1249
1251
1252
1253
1254
1255
1256
1257
1258
1259
1260
1261
1262
1263
1264
1265
1269
1270
1271
1273
1274
1275
1276
1277
1278
1279
1280
1281
1282
1283
1284
1285
1286
1287
1288
1289
1290
1291
1292
1293
1294
1295
1296
1297
1298
1299
1300
1301
1302
1303
1305
1306
1307
1308
1309
1310
1311
1312
1313
1314
1315
1316
1317
1318
1319
1320
1321
1322
1323
1324
1325
1326
1327
1328
1329
1330
1331
1332
1333
1334
1335
1336
1337
1338
1339
1340
1341
1342
1343
1344
1345
1346
1347
1348
1349
1350
1351
1352
1353
1354
1355
1356
1358
1359
1360
1361
1362
1363
1364
1365
1367
1368
1369
1370
1371
1372
1373
1374
1375
1376
1377
1378
1379
1380
1381
1382
1383
1384
1385
1386
1387
1388
1389
1390
1392
1393
1394
1396
1397
1398
1399
1400
1401
1402
1403
1404
1405
1406
1408
1409
1410
1411
1412
1415
1416
1417
1418
1419
1420
1421
1422
1423
1424
1425
1426
1427
1428
1429
1430
1431
1432
1433
1434
1435
1437
1438
1439
1440
1441
1442
1443
1444
1445
1447
1448
1449
1450
1451
1452
1453
1454
1455
1456
1457
1458
1459
1460
1461
1462
1463
1464
1465
1466
1467
1468
1471
1472
1473
1475
1476
1477
1478
1479
1480
1481
1482
1483
1484
1485
1486
1487
1488
1489
1490
1491
1492
1493
1494
1495
1496
1497
1498
1499
1500
1501
1503
1504
1505
1506
1507
1508
1509
1510
1513
1514
1515
1516
1517
1518
1519
1521
1522
1523
1524
1525
1526
1528
1530
1531
1533
1534
1535
1536
1537
1539
1541
1542
1543
1544
1545
1546
1547
1548
1549
1550
1551
1552
1553
1555
1558
1559
1560
1561
1562
1564
1565
1566
1567
1568
1570
1571
1572
1573
1574
1575
1576
1578
1579
1581
1582
1583
1584
1585
1586
1587
1588
1589
1591
1592
1594
1595
1596
1597
1598
1599
1600
1601
1603
1604
1605
1606
1607
1608
1609
1611
1612
1613
1614
1615
1616
1617
1618
1619
1620
1621
1622
1624
1625
1626
1627
1628
1629
1630
1631
1632
1633
1634
1635
1636
1638
1639
1640
1641
1642
1643
1644
1645
1646
1647
1648
1649
1650
1651
1652
1653
1654
1655
1656
1657
1658
1659
1660
1661
1662
1663
1664
1666
1667
1668
1669
1670
1671
1672
1673
1674
1675
1676
1679
1680
1681
1682
1684
1686
1687
1688
1689
1690
1691
1692
1693
1694
1696
1697
1698
1699
1700
1701
1702
1703
1704
1705
1707
1708
1709
1710
1711
1712
1713
1714
1715
1718
1719
1720
1721
1722
1723
1725
1726
1727
1728
1729
1730
1731
1732
1734
1735
1736
1737
1738
1739
1740
1741
1742
1743
1744
1745
1746
1747
1748
1749
1750
1751
1752
1753
1754
1755
1756
1757
1759
1761
1762
1763
1764
1766
1767
1768
1769
1770
1771
1772
1773
1774
1775
1776
1777
1778
1781
1782
1783
1784
1786
1787
1788
1789
1790
1791
1792
1793
1794
1795
1796
1797
1798
1800
1801
1802
1803
1804
1805
1806
1807
1808
1809
1810
1811
1812
1813
1815
1816
1817
1818
1819
1820
1821
1822
1823
1824
1825
1826
1827
1828
1830
1831
1832
1833
1834
1835
1836
1837
1838
1839
1840
1841
1842
1843
1844
1845
1846
1847
1849
1850
1852
1853
1854
1855
1856
1857
1858
1859
1860
1861
1862
1863
1865
1866
1867
1868
1869
1870
1871
1872
1873
1874
1876
1877
1879
1880
1881
1882
1883
1884
1885
1886
1887
1888
1889
1890
1891
1892
1893
1894
1895
1896
1897
1899
1900
1901
1902
1903
1904
1905
1907
1908
1909
1910
1911
1912
1913
1914
1915
1916
1917
1918
1919
1920
1921
1922
1923
1924
1925
1926
1927
1928
1929
1931
1932
1933
1934
1935
1936
1937
1938
1939
1940
1941
1942
1943
1944
1945
1946
1947
1948
1949
1950
1951
1952
1953
1954
1955
1956
1957
1958
1959
1960
1961
1962
1963
1965
1967
1968
1969
1970
1971
1972
1973
1974
1975
1976
1978
1979
1980
1981
1983
1984
1985
1986
1987
1989
1990
1991
1992
1993
1994
1995
1996
1997
1998
1999
2000
2001
2002
2003
2004
2005
2006
2007
2008
2010
2011
2012
2014
2015
2016
2017
2020
2021
2022
2024
2025
2026
2028
2029
2030
2032
2033
2034
2035
2036
2037
2038
2040
2041
2042
2043
2044
2045
2047
2048
2049
2050
2051
2052
2053
2054
2055
2056
2057
2058
2059
2060
2061
2062
2063
2064
2065
2066
2067
2068
2069
2070
2071
2072
2073
2074
2076
2077
2078
2079
2080
2081
2082
2084
2086
2087
2088
2089
2090
2091
2092
2093
2094
2095
2201
2203
2204
2205
2207
2208
2209
2210
2211
2212
2213
2214
2215
2216
2217
2218
2219
2220
2221
2222
2223
2224
2225
2226
2227
2228
2229
2230
2231
2232
2233
2234
2235
2236
2238
2239
2240
2241
2242
2243
2244
2245
2246
2247
2248
2249
2250
2251
2253
2254
2255
2256
2257
2258
2259
2260
2261
2263
2264
2265
2267
2268
2269
2270
2271
2273
2274
2275
2277
2278
2279
2281
2282
2283
2284
2285
2286
2288
2289
2290
2291
2292
2293
2294
2295
2297
2298
2299
2300
2301
2302
2303
2304
2305
2306
2307
2308
2309
2310
2311
2312
2313
2314
2316
2317
2318
2319
2320
2321
2322
2323
2324
2326
2328
2329
2330
2331
2332
2333
2334
2335
2336
2337
2338
2339
2340
2342
2344
2346
2347
2348
2349
2350
2351
2352
2353
2354
2356
2357
2358
2360
2361
2362
2363
2364
2365
2366
2367
2368
2369
2370
2371
2372
2373
2374
2375
2376
2377
2378
2379
2380
2381
2382
2384
2385
2386
2387
2388
2389
2390
2391
2392
2393
2394
2395
2396
2397
2398
2399
2400
2401
2402
2403
2405
2406
2407
2408
2409
2410
2411
2412
2413
2414
2416
2417
2419
2420
2421
2422
2423
2424
2425
2426
2427
2428
2429
2430
2431
2433
2434
2435
2436
2437
2438
2439
2440
2442
2443
2444
2445
2446
2447
2448
2449
2450
2451
2452
2453
2454
2455
2456
2457
2458
2461
2462
2463
2464
2465
2466
2467
2468
2469
2470
2472
2473
2475
2476
2478
2479
2480
2481
2482
2483
2484
2485
2486
2487
2488
2489
2490
2491
2492
2493
2495
2496
2498
2499
2500
2501
2502
2503
2504
2505
2506
2507
2508
2509
2510
2511
2512
2514
2515
2516
2517
2518
2519
2520
2521
2522
2523
2524
2525
2526
2527
2528
2529
2530
2531
2532
2533
2534
2535
2536
2537
2539
2540
2541
2542
2543
2544
2545
2546
2547
2548
2550
2551
2553
2554
2556
2557
2558
2561
2562
2563
2565
2566
2567
2568
2569
2570
2571
2573
2574
2575
2576
2577
2578
2579
2580
2581
2582
2583
2584
2585
2586
2587
2588
2589
2592
2593
2594
2595
2596
2597
2598
2599
2600
2601
2602
2603
2604
2606
2607
2608
2609
2610
2612
2613
2614
2615
2616
2617
2618
2619
2620
2621
2622
2623
2624
2625
2626
2627
2629
2630
2631
2632
2633
2634
2636
2638
2639
2640
2641
2642
2643
2644
2645
2647
2650
2652
2653
2654
2655
2656
2657
2658
2659
2660
2661
2662
2663
2664
2665
2666
2667
2668
2669
2670
2671
2672
2673
2674
2675
2676
2677
2678
2679
2680
2681
2683
2684
2685
2686
2687
2688
2690
2691
2692
2693
2694
2695
2696
2697
2698
2699
2700
2701
2704
2705
2706
2707
2708
2709
2710
2711
2712
2713
2714
2715
2716
2717
2718
2719
2720
2721
2722
2723
2724
2725
2726
2727
2728
2729
2730
2731
2732
2733
2734
2735
2736
2737
2738
2739
2740
2741
2742
2743
2745
2746
2747
2749
2750
2751
2752
2754
2755
2756
2757
2758
2759
2760
2761
2762
2763
2764
2765
2766
2767
2768
2769
2770
2771
2772
2773
2774
2775
2776
2777
2778
2780
2781
2782
2783
2784
2786
2787
2788
2789
2790
2791
2792
2793
2794
2795
2796
2797
2798
2799
2801
2802
2803
2804
2805
2806
2807
2808
2810
2811
2812
2813
2814
2815
2816
2817
2818
2820
2821
2822
2823
2824
2825
2826
2827
2828
2830
2831
2832
2833
2834
2836
2837
2839
2841
2842
2843
2844
2845
2846
2847
2848
2849
2850
2851
2852
2853
2854
2856
2857
2858
2859
2860
2861
2862
2863
2864
2865
2866
2867
2868
2869
2870
2871
2872
2873
2874
2875
2876
2877
2878
2880
2881
2884
2885
2886
2887
2888
2889
2890
2891
2892
2893
2894
2895
2896
2897
2898
2899
2900
2901
2902
2904
2905
2906
2907
2908
2909
2910
2911
2912
2914
2917
2918
2919
2920
2921
2922
2923
2924
2925
2927
2928
2929
2930
2931
2932
2933
2934
2935
2936
2937
2938
2939
2940
2941
2942
2944
2945
2946
2947
2948
2949
2950
2951
2952
2953
2954
2955
2956
2957
2958
2959
2960
2961
2962
2963
2964
2965
2966
2967
2968
2970
2971
2973
2974
2975
2976
2978
2979
2980
2982
2983
2984
2985
2986
2988
2989
2990
2991
2992
2993
2994
2995
2996
2997
2998
3000
3001
3002
3005
3006
3007
3008
3009
3010
3011
3012
3014
3015
3016
3017
3018
3019
3021
3023
3024
3025
3026
3027
3029
3031
3033
3035
3036
3037
3038
3039
3040
3041
3042
3043
3044
3045
3046
3047
3048
3049
3050
3051
3052
3053
3054
3055
3056
3057
3058
3059
4400
4401
4402
4404
4405
4406
4407
4408
4409
4410
4411
4412
4413
4414
4415
4416
4417
4418
4419
4420
4421
4422
4423
4424
4425
4426
4427
4428
4430
4431
4432
4433
4434
4435
4436
4437
4438
4439
4441
4442
4443
4444
4445
4446
4447
4448
4449
4450
4451
4452
4453
4454
4455
4456
4457
4459
4460
4461
4462
4464
4465
4466
4467
4468
4469
4470
4471
4472
4473
4474
4475
4477
4478
4480
4483
4486
4488
4489
4491
4493
4494
4496
4498
4500
4501
4502
4504
4505
4507
4510
4514
4516
4521
4522
4523
4524
4525
4526
4527
4528
4529
4531
4532
4533
4534
4535
4536
4537
4538
4539
4540
4541
4542
4543
4544
4545
4546
4547
4548
4549
4550
4551
4552
4553
4554
4555
4556
4557
4558
4559
4560
4561
4562
4564
4565
4567
4568
4569
4570
4571
4572
4573
4574
4575
4576
4577
4578
4579
4580
4581
4582
4583
4584
4585
4586
4587
4588
4589
4590
4591
4592
4593
4594
4595
4596
4597
4598
4599
4600
4601
4602
4603
4604
4606
4607
4608
4609
4610
4611
4612
4613
4614
4615
4616
4617
4618
4619
4620
4621
4622
4623
4624
4625
4627
4628
4629
4631
4632
4633
4634
4635
4636
4637
4638
4639
4640
4641
4643
4644
4646
4647
4648
4649
4651
4652
4653
4654
4655
4656
4657
4658
4659
4660
4661
4662
4663
4664
4665
4666
4667
4669
4670
4671
4673
4674
4675
4677
4678
4679
4680
4681
4682
4683
4684
4685
4686
4687
4688
4690
4692
4693
4694
4695
4696
4697
4698
4699
4700
4701
4702
4703
4704
4705
4706
4708
4709
4711
4712
4713
4715
4716
4717
4718
4719
4720
4721
4722
4723
4724
4725
4726
4727
4728
4729
4730
4731
4732
4733
4734
4735
4736
4737
4738
4739
4740
4741
4742
4743
4744
4745
4746
4747
4748
4749
4750
4751
4752
4753
4754
4756
4757
4758
4759
4760
4761
4762
4763
4764
4765
4767
4768
4769
4770
4771
4772
4773
4774
4775
4776
4777
4778
4779
4780
4781
4782
4783
4784
4785
4786
4787
4788
4789
4791
4792
4793
4795
4796
4797
4798
4799
4800
4801
4802
4803
4804
4805
4806
4807
4808
4809
4810
4811
4813
4814
4815
4816
4817
4818
4819
4820
4821
4822
4824
4825
4826
4827
4828
4830
4831
4832
4833
4834
4835
4836
4837
4838
4839
4841
4842
4843
4845
4847
4848
4850
4851
4852
4853
4855
4856
4857
4858
4859
4860
4862
4864
4865
4866
4867
4868
4869
4870
4871
4872
4873
4874
4875
4876
4877
4878
4879
4880
4881
4882
4883
4884
4885
4886
4887
4888
4889
4890
4891
4892
4893
4894
4895
4896
4897
4898
4899
4900
4901
4903
4904
4905
4906
4907
4909
4911
4912
4913
4914
4915
4916
4917
4918
4919
4920
4921
4922
4923
4925
4926
4928
4931
4932
4933
4935
4936
4937
4938
4939
4940
4941
4942
4943
4944
4945
4946
4947
4948
4949
4950
4951
4952
4953
4954
4956
4957
4959
4960
4961
4962
4963
4964
4966
4967
4968
4969
4971
4972
4973
4974
4975
4977
4978
4979
4980
4981
4982
4983
4984
4985
4986
4988
4989
4990
4991
4993
4994
4995
4996
4997
4998
4999
5000
5001
5002
5004
5005
5006
5007
5008
5009
5010
5011
5012
5014
5016
5018
5019
5021
5022
5023
5024
5025
5026
5027
5028
5029
5030
5031
5032
5033
5034
5035
5036
5037
5039
5040
5041
5042
5043
5045
5046
5047
5048
5049
5050
5051
5052
5053
5054
5055
5056
5057
5058
5060
5061
5062
5063
5064
5065
5066
5067
5068
5070
5071
5072
5073
5074
5076
5077
5078
5079
5080
5081
5083
5084
5085
5086
5087
5088
5089
5090
5091
5092
5093
5094
5095
5097
5098
5099
5100
5101
5102
5103
5104
5105
5106
5108
5109
5110
5111
5112
5114
5115
5116
5117
5118
5119
5121
5122
5123
5124
5125
5126
5127
5129
5130
5131
5132
5133
5134
5135
5138
5139
5140
5141
5142
5143
5144
5145
5146
5147
5149
5150
5152
5153
5155
5156
5157
5158
5159
5160
5161
5162
5163
5164
5165
5166
5168
5169
5170
5171
5172
5173
5174
5175
5176
5177
5179
5181
5182
5183
5186
5187
5188
5189
5190
5191
5192
5193
5195
5196
5197
5198
5199
5201
5202
5203
5204
5205
5206
5207
5208
5211
5212
5213
5214
5215
5216
5217
5218
5219
5220
5221
5222
5223
5224
5225
5226
5228
5229
5230
5232
5233
5234
5235
5236
5237
5238
5239
5240
5241
5242
5244
5246
5247
5248
5249
5250
5251
5252
5253
5254
5255
5256
5257
5259
5260
5263
5264
5265
5266
5267
5268
5269
5270
5271
5272
5273
5274
5275
5276
5277
5279
5280
5281
5282
5283
5284
5286
5287
5288
5289
5290
5291
5292
5293
5294
5295
5298
5300
5301
5302
5303
5304
5305
5306
5307
5308
5309
5311
5312
5313
5314
5315
5316
5318
5319
5320
5321
5323
5324
5325
5326
5327
5328
5329
5330
5331
5332
5333
5334
5335
5336
5337
5338
5339
5340
5341
5342
5343
5344
5345
5346
5347
5348
5349
5350
5351
5352
5353
5354
5355
5356
5357
5358
5359
5360
5361
5362
5364
5365
5366
5500
5501
5502
5503
5504
5505
5506
5507
5510
5511
5512
5513
5514
5515
5517
5518
5519
5520
5521
5522
5523
5524
5525
5526
5527
5528
5529
5530
5531
5532
5533
5535
5536
5537
5538
5539
5540
5541
5543
5544
5545
5546
5549
5551
5553
5554
5555
5556
5557
5558
5559
5560
5561
5562
5563
5564
5565
5566
5567
5568
5569
5570
5571
5572
5573
5574
5576
5578
5579
5580
5581
5582
5583
5584
5585
5586
5587
5588
5589
5590
5591
5592
5593
5594
5595
5596
5598
5599
5600
5601
5602
5603
5604
5605
5606
5608
5609
5610
5611
5612
5613
5614
5615
5616
5618
5619
5621
5622
5623
5624
5625
5626
5627
5628
5629
5630
5631
5632
5634
5635
5636
5637
5638
5640
5641
5642
5643
5644
5645
5646
5647
5648
5650
5651
5652
5653
5654
5655
5656
5657
5658
5659
5660
5661
5662
5663
5664
5666
5668
1
11
11000
12
13
17000
2
3
5
7001
7002
7003
7004
7005
7006
7007
7008
7009
7010
7011
7012
7013
7014
7015
7016
7017
7018
7020
7021
7022
7023
7024
7025
7026
7027
7028
7029
7030
7031
7032
7033
7034
7035
7037
7038
7039
7040
7042
7043
7044
7046
7047
7049
7050
7051
7052
7053
7054
7057
7058
7059
7060
7061
7062
7063
7064
7065
7066
7067
7068
7069
7070
7071
7072
7073
7074
7075
7077
7079
7082
7083
7084
7085
7086
7088
7089
7090
7096
7100
7103
7104
7105
7106
7107
7110
7111
7112
7113
7116
7117
7118
7119
7120
7121
7122
7123
7124
7125
7126
7127
7128
7130
7132
7134
7135
7136
7137
7139
7140
7141
7147
7149
7150
7151
7152
7153
7154
7155
7156
7157
7159
7160
7161
7162
7163
7164
7165
7166
7167
7168
7169
7170
7171
7172
7173
7174
7175
7176
7177
7178
7179
7180
7181
7183
7184
7185
7187
7188
7189
7190
7191
7192
7193
7194
7195
7196
7197
7198
7199
7200
7202
7203
7204
7205
7207
7208
7210
7211
7212
7213
7216
7217
7218
7220
7221
7222
7223
7224
7225
7227
7229
7230
7234
7235
7236
7237
7239
7240
7242
7244
7245
7246
7247
7248
7249
7250
7251
7252
7253
7254
7255
7256
7257
7258
7259
7260
7261
7262
7265
7266
7267
7269
7270
7271
7272
7273
7274
7275
7276
7277
7278
7279
7280
7282
7283
7284
7285
7286
7287
7288
7289
7290
7291
7293
7294
7295
7297
7298
7299
7300
7302
7303
7304
7305
7306
7307
7308
7309
7310
7311
7312
7313
7314
7315
7316
7318
7319
7320
7321
7322
7323
7324
7325
7326
7327
7328
7329
7330
7331
7332
7333
7335
7336
7337
7338
7339
7341
7342
7343
7344
7345
7346
7347
7348
7349
7350
7353
7354
7355
7356
7357
7359
7361
7362
7363
7364
7365
7366
7367
7368
7369
7370
7371
7372
7373
7374
7375
7376
7377
7378
7379
7380
7381
7382
7383
7384
7385
7386
7387
7388
7390
7391
7392
7393
7394
7395
7396
7398
7399
7400
7401
7402
7403
7404
7406
7407
7408
7409
7410
7411
7412
7413
7414
7415
7416
7417
7418
7422
7423
7425
7426
7428
7429
7430
7431
7432
7433
7435
7436
7437
7439
7440
7441
7442
7444
7446
7447
7448
7449
7451
7452
7453
7454
7455
7456
7457
7458
7459
7460
7461
7462
7464
7465
7466
7467
7468
7470
7471
7472
7473
7475
7476
7477
7478
7479
7480
7481
7482
7483
7484
7485
7486
7487
7489
7490
7491
7492
7493
7494
7495
7496
7497
7498
7499
7500
7501
7502
7503
7504
7505
7506
7507
7508
7509
7510
7511
7512
7514
7515
7517
7518
7519
7520
7521
7522
7523
7524
7525
7527
7528
7529
7530
7531
7532
7533
7534
7535
7537
7538
7539
7540
7541
7542
7543
7544
7545
7546
7547
7548
7549
7550
7551
7552
7553
7554
7555
7556
7557
7558
7560
7561
7562
7564
7565
7566
7567
7568
7569
7570
7571
7572
7573
7574
7576
7577
7578
7579
7581
7582
7583
7584
7585
7586
7587
7588
7589
759
7590
7591
7592
7593
7594
7595
7596
7597
7598
7600
7601
7602
7603
7605
7606
7607
7608
7609
7610
7611
7612
7613
7614
7616
7617
7618
7619
7621
7622
7623
7624
7625
7626
7627
7628
7629
7630
7631
7632
7633
7634
7635
7636
7638
7639
7640
7641
7642
7643
7644
7645
7646
7647
7648
7649
7651
7652
7653
7655
7656
7657
7658
7664
7665
7666
7667
7668
7669
7670
7671
7672
7673
7674
7675
7676
7677
7678
7679
7680
7681
7682
7683
7684
7685
7687
7688
7689
7690
7691
7692
7693
7694
7695
7696
7697
7698
7699
7700
7702
7703
7704
7705
7706
7707
7708
7709
7710
7711
7712
7713
7714
7715
7716
7717
7718
7719
7720
7721
7722
